181
245
403
138
334
470
43
113
412
168
223
84
345
265
406
42
50
94
391
340
261
122
372
129
453
105
148
347
77
497
112
178
330
13
337
32
457
450
74
209
477
371
224
291
226
408
185
114
456
344
136
466
489
362
478
281
53
415
120
80
163
364
340
266
18
47
65
403
225
493
68
371
292
64
357
385
94
141
372
443
299
77
265
222
252
247
29
86
128
283
429
74
62
419
101
417
383
93
106
486
145
51
469
214
281
111
126
466
446
149
355
153
349
486
417
115
310
77
490
14
221
451
51
252
313
422
12
164
32
328
318
137
456
293
138
87
471
389
376
154
28
180
282
32
247
178
246
364
99
470
369
367
238
107
281
202
435
380
458
491
268
83
221
285
67
42
298
24
81
447
219
373
273
240
440
437
363
414
293
234
58
69
139
161
171
361
358
461
70
266
190
456
64
201
7
10
265
470
457
149
483
9
62
161
437
228
336
180
446
210
349
83
454
252
168
389
90
457
286
163
469
26
402
390
74
203
231
50
457
26
152
494
494
262
456
348
75
331
8
300
381
459
281
186
250
96
284
19
400
416
108
78
435
443
67
262
395
112
294
287
121
176
135
480
106
177
454
254
97
89
253
355
447
461
392
223
194
87
127
221
193
364
412
400
70
483
354
494
81
18
119
359
50
320
393
258
200
2
3
185
322
246
349
398
106
455
302
370
256
61
315
64
22
324
276
467
425
285
160
350
368
458
440
277
174
151
424
432
336
13
227
41
475
184
319
457
114
466
399
484
117
46
331
51
274
21
275
447
438
500
485
328
51
53
173
118
302
98
314
398
392
70
316
415
444
435
285
245
244
395
249
102
462
495
34
242
380
339
98
322
74
311
341
473
299
307
64
152
214
434
254
491
472
466
352
332
299
190
213
313
38
341
456
457
286
127
303
313
378
286
205
14
168
54
223
131
31
244
448
180
233
420
61
318
174
442
138
262
90
59
335
155
496
248
330
157
435
453
155
145
93
46
261
263
216
290
400
423
336
442
460
200
490
231
205
201
475
381
202
230
92
495
478
224
403
355
32
334
138
170
68
123
230
194
418
161
66
268
203
446
357
182
248
304
246
118
66
245
409
144
153
254
456
252
198
99
224
46
326
440
131
37
31
476
349
15
98
157
366
142
217
185
472
165
54
118
269
195
47
453
357
342
279
457
93
29
28
56
41
349
451
333
230
174
132
45
223
222
371
397
472
65
103
84
304
348
393
68
493
446
42
321
371
105
278
469
106
279
301
217
350
288
64
47
302
132
496
285
235
28
109
88
190
494
484
295
434
106
90
32
371
410
311
395
473
486
120
263
19
409
50
400
193
366
296
4
349
481
461
300
153
388
68
83
291
41
216
406
353
458
233
7
422
462
228
201
450
471
369
224
163
231
39
294
310
51
14
213
218
79
391
128
342
219
207
127
320
285
429
150
157
251
110
338
292
388
482
396
88
466
260
61
141
172
299
313
293
177
377
480
133
438
2
63
483
191
44
402
241
113
341
25
47
43
334
327
156
448
222
477
431
261
74
378
423
239
361
258
333
459
144
487
126
352
241
430
25
363
69
147
311
177
194
413
406
290
217
438
229
75
344
28
432
463
45
301
383
494
273
425
356
244
187
189
322
268
35
118
202
161
402
442
307
351
359
324
481
98
455
298
247
426
15
147
157
139
19
186
203
407
402
40
106
252
9
299
435
148
486
381
442
62
323
297
330
136
57
490
323
134
434
155
173
495
381
255
103
456
321
497
193
430
383
168
135
135
441
180
332
117
352
190
405
323
420
201
473
49
204
147
21
179
273
204
359
337
300
424
479
186
37
151
224
242
213
144
86
388
320
180
224
420
72
113
372
287
360
78
170
59
365
61
431
444
9
219
229
485
418
352
279
413
49
157
156
66
401
416
141
144
178
87
349
462
122
202
290
169
208
483
395
154
128
481
136
498
470
158
392
103
142
137
468
338
247
368
188
60
177
207
208
378
500
468
24
273
423
373
75
447
487
227
181
268
489
4
327
158
324
473
282
317
50
451
50
429
281
136
500
500
121
37
151
25
202
410
224
108
412
495
425
401
165
197
76
368
477
445
191
211
193
140
96
387
110
200
2
338
192
229
12
178
44
393
415
27
6
231
378
342
200
269
259
172
84
285
92
296
76
437
232
212
282
132
282
250
319
429
187
28
75
486
114
424
495
376
476
61
291
185
377
149
163
278
409
148
32
78
490
131
254
447
461
433
476
232
304
292
406
262
